0.00000382504,0.00000330497,0.000002829749,0.000002381659,0.000002000678,0.000001690279,0.00000140132,0.000001148072,0.000000940117,0.0000007716291,0.0000006277362,0.000000505171,0.0000004125267,0.0000003479584,0.0000003066796,0.0000002825105,0.0000002699311,0.0000002730738,0.0000002868505,0.0000003231543,0.0000003705221,0.0000004430918,0.0000005414091,0.0000006751516,0.0000008627265,0.000001108542,0.000001404308,0.000001727257,0.000002046863,0.000002322403,0.000002424356,0.000002400934,0.000002244578,0.000002003975,0.00000172085,0.000001430197,0.000001154955,0.0000009126494,0.0000007129497,0.0000005661208,0.0000004593925,0.0000003972568,0.0000003589157,0.0000003347907,0.0000003301144,0.000000335875,0.0000003615071,0.0000004011323,0.0000004556927,0.0000005248261,0.0000006096145,0.0000007062154,0.000000800358,0.000000897947,0.000000961203,0.0000009994656,0.0000009975307,0.0000009693853,0.0000009110557,0.0000008856409,0.0000008015514,0.0000007320068,0.0000006891816,0.0000006421073,0.0000005448829,0.0000004701849,0.0000004181324,0.0000003824072,0.0000003455458,0.0000003070604,0.0000002652425,0.0000002279502,0.0000001875824,0.0000001550299,0.0000001262072,0.0000001072323,0.0000000872149,0.00000007145885,0.00000005756226,0.00000004656203,0.00000003918706,0.00000003332102,0.0000000296997,0.00000002622637,0.00000002441136,0.00000003068134
0.00000330497,0.0000030624,0.000002809407,0.0000025275,0.000002258694,0.00000201579,0.000001750685,0.000001487486,0.000001248866,0.000001038378,0.0000008458135,0.0000006742314,0.0000005396667,0.0000004417149,0.0000003742992,0.0000003290399,0.0000002986678,0.0000002860056,0.0000002846016,0.0000003038647,0.0000003326186,0.0000003823226,0.0000004532855,0.0000005538557,0.0000006998425,0.000000897984,0.000001147239,0.00000143625,0.000001746389,0.000002047188,0.00000222357,0.000002301762,0.000002256995,0.000002115754,0.000001904227,0.000001650736,0.000001380458,0.00000111967,0.0000008890437,0.000000708974,0.0000005715599,0.0000004845156,0.0000004257782,0.0000003847078,0.0000003658738,0.0000003588272,0.0000003720083,0.0000003985279,0.0000004388227,0.0000004926679,0.0000005619818,0.0000006449532,0.0000007308966,0.0000008270307,0.000000899626,0.0000009549723,0.0000009751484,0.0000009679593,0.0000009262651,0.0000009072194,0.0000008273781,0.0000007569129,0.0000007105073,0.0000006607152,0.0000005629312,0.0000004882028,0.0000004372807,0.0000004040288,0.0000003702815,0.0000003347498,0.0000002948344,0.0000002581345,0.0000002162697,0.0000001808521,0.0000001480035,0.0000001249744,0.0000001007379,0.00000008145535,0.00000006474234,0.00000005170214,0.00000004300317,0.00000003623405,0.00000003206958,0.00000002817838,0.00000002612482,0.00000003271771
0.000002829749,0.000002809407,0.00000275891,0.000002650652,0.000002518085,0.000002373012,0.000002158682,0.000001902586,0.000001638946,0.000001382124,0.000001129106,0.0000008933768,0.0000007027376,0.0000005599811,0.000000458,0.000000385878,0.0000003342011,0.0000003041861,0.0000002877012,0.0000002917712,0.0000003051649,0.0000003369425,0.0000003868732,0.000000461788,0.0000005748898,0.0000007337542,0.0000009418605,0.00000119619,0.000001488311,0.000001798682,0.000002029359,0.000002193507,0.00000225506,0.000002220581,0.000002097678,0.000001901229,0.00000165154,0.000001379471,0.000001116556,0.0000008960548,0.0000007181724,0.0000005965024,0.0000005089371,0.000000444232,0.0000004063417,0.000000383136,0.0000003818916,0.0000003945113,0.0000004207577,0.0000004602675,0.0000005153435,0.000000585544,0.0000006630168,0.0000007561871,0.0000008354193,0.000000905155,0.0000009456262,0.000000959027,0.000000934602,0.0000009232987,0.0000008484242,0.0000007774878,0.0000007277591,0.000000675367,0.0000005771754,0.0000005027635,0.0000004534631,0.000000423329,0.0000003936016,0.0000003622658,0.000000325817,0.0000002913938,0.0000002495292,0.0000002121686,0.0000001754369,0.0000001477625,0.0000001182696,0.00000009432271,0.00000007381089,0.00000005800587,0.0000000475099,0.00000003955443,0.00000003469083,0.00000003029392,0.00000002795426,0.00000003486323
0.000002381659,0.0000025275,0.000002650652,0.000002713337,0.000002735118,0.00000271885,0.000002589422,0.000002368226,0.000002095965,0.000001796903,0.000001476803,0.000001164073,0.0000009038275,0.0000007047946,0.0000005596191,0.0000004546774,0.0000003779849,0.0000003288455,0.0000002969584,0.0000002870243,0.0000002872254,0.0000003044981,0.0000003378148,0.0000003924515,0.0000004791508,0.0000006052776,0.0000007766844,0.0000009959142,0.000001262555,0.000001567426,0.000001831034,0.000002061283,0.000002217675,0.000002291724,0.000002272429,0.000002155901,0.000001949302,0.000001680941,0.000001390376,0.000001125431,0.0000008981354,0.0000007318157,0.0000006064392,0.0000005110942,0.0000004493592,0.0000004070492,0.0000003900062,0.0000003885191,0.0000004013746,0.0000004277164,0.0000004697796,0.0000005278602,0.0000005961708,0.000000684155,0.0000007660855,0.0000008457219,0.000000902539,0.0000009342279,0.0000009264702,0.0000009241164,0.0000008554966,0.0000007856658,0.0000007341879,0.0000006804546,0.0000005828315,0.0000005096412,0.0000004627295,0.0000004363789,0.0000004114861,0.0000003855295,0.0000003542573,0.0000003242102,0.0000002846292,0.0000002471924,0.0000002076422,0.000000175362,0.0000001399327,0.0000001102738,0.00000008494293,0.00000006557174,0.00000005273817,0.00000004327583,0.00000003753957,0.00000003254397,0.00000002986628,0.00000003706501
0.000002000678,0.000002258694,0.000002518085,0.000002735118,0.000002915716,0.000003050147,0.000003038285,0.000002884805,0.000002628362,0.000002298812,0.000001910017,0.000001508983,0.000001164523,0.0000008953464,0.0000006956059,0.0000005492768,0.0000004415264,0.0000003695607,0.000000320271,0.0000002960789,0.0000002838769,0.0000002887569,0.0000003086881,0.0000003474874,0.000000413742,0.0000005140251,0.0000006550922,0.0000008428178,0.000001082548,0.000001373899,0.000001655405,0.000001935265,0.000002174503,0.000002355312,0.000002450457,0.000002434439,0.00000229375,0.000002045591,0.000001732544,0.000001417618,0.00000112881,0.0000009042991,0.0000007291603,0.0000005941422,0.0000005027349,0.0000004380284,0.0000004039784,0.0000003886226,0.000000389395,0.0000004046185,0.0000004361349,0.0000004844982,0.0000005452789,0.0000006286258,0.0000007120433,0.0000007991681,0.000000869279,0.0000009165595,0.0000009234342,0.0000009293258,0.0000008660584,0.000000796801,0.0000007432097,0.0000006875623,0.0000005897702,0.0000005172043,0.0000004721066,0.0000004489642,0.0000004286132,0.0000004082689,0.0000003831566,0.000000359076,0.0000003238898,0.0000002882331,0.0000002469681,0.0000002099591,0.0000001675958,0.0000001307059,0.00000009906496,0.00000007494144,0.00000005896009,0.00000004751333,0.00000004064645,0.00000003491912,0.00000003182778,0.00000003925225
0.000001690279,0.00000201579,0.000002373012,0.00000271885,0.000003050147,0.000003345981,0.000003480372,0.000003432454,0.000003227967,0.000002893867,0.000002447223,0.00000195421,0.000001513337,0.000001158874,0.0000008899964,0.0000006898022,0.0000005410212,0.0000004390765,0.000000367394,0.000000326203,0.0000003001863,0.0000002928109,0.0000003007685,0.0000003264936,0.000000376712,0.0000004568857,0.0000005737238,0.0000007347965,0.0000009492492,0.000001223637,0.000001513095,0.000001829917,0.000002141528,0.000002426643,0.000002645697,0.000002750813,0.000002701263,0.000002493426,0.000002165565,0.000001794963,0.000001429939,0.000001130065,0.0000008897389,0.0000007032738,0.0000005745127,0.0000004828642,0.0000004297787,0.0000004001633,0.0000003896396,0.0000003953871,0.0000004186301,0.0000004598583,0.0000005154512,0.0000005960273,0.0000006814551,0.0000007754209,0.0000008570787,0.0000009177977,0.0000009370395,0.0000009497692,0.0000008899202,0.0000008196172,0.0000007624959,0.0000007033247,0.000000603652,0.0000005303037,0.0000004857874,0.0000004647382,0.0000004482431,0.0000004334978,0.0000004154503,0.0000003989724,0.0000003705266,0.0000003387634,0.000000297047,0.0000002550101,0.0000002042472,0.0000001579008,0.0000001177303,0.00000008705765,0.0000000666805,0.00000005250506,0.00000004410055,0.00000003743298,0.00000003380935,0.00000004134262
0.00000140132,0.000001750685,0.000002158682,0.000002589422,0.000003038285,0.000003480372,0.00000377217,0.000003865328,0.000003763106,0.000003477193,0.000003015803,0.000002456641,0.000001929029,0.000001487941,0.000001142735,0.000000879153,0.000000679604,0.0000005395476,0.0000004388931,0.000000376287,0.0000003332302,0.0000003118658,0.000000307249,0.000000320412,0.0000003563607,0.0000004191208,0.0000005145718,0.000000650581,0.0000008381685,0.00000108854,0.00000137086,0.000001703435,0.00000206381,0.000002433713,0.000002768374,0.00000300202,0.000003065034,0.000002924751,0.000002605001,0.000002191482,0.000001752947,0.000001374835,0.000001064544,0.0000008222135,0.000000653268,0.0000005330407,0.0000004604628,0.000000416728,0.0000003954224,0.000000392395,0.0000004081039,0.0000004426859,0.0000004927963,0.000000569322,0.000000653657,0.0000007498645,0.0000008374234,0.0000009062633,0.0000009339644,0.0000009525475,0.0000008965101,0.0000008271586,0.0000007691312,0.0000007085563,0.0000006083484,0.0000005351276,0.0000004915789,0.0000004725317,0.0000004597771,0.0000004508604,0.0000004408566,0.0000004337141,0.0000004147679,0.0000003899323,0.000000350513,0.0000003049534,0.0000002461275,0.0000001895577,0.0000001396472,0.0000001012371,0.0000000755423,0.00000005805803,0.00000004778315,0.00000003999916,0.00000003573179,0.00000004322585
0.000001148072,0.000001487486,0.000001902586,0.000002368226,0.000002884805,0.000003432454,0.000003865328,0.000004114915,0.000004159248,0.000003984257,0.00000357346,0.000002999654,0.000002416091,0.000001900554,0.000001478141,0.000001142536,0.0000008799645,0.0000006898836,0.0000005495735,0.0000004575872,0.0000003911639,0.0000003516062,0.0000003318411,0.0000003313876,0.0000003535684,0.0000004006868,0.0000004772742,0.0000005905555,0.0000007519628,0.0000009752126,0.000001240265,0.000001571291,0.000001956983,0.000002386228,0.000002815745,0.000003169131,0.000003351714,0.000003298863,0.00000301168,0.000002576162,0.000002077531,0.000001628204,0.000001250496,0.0000009523728,0.0000007427673,0.0000005932168,0.0000005008628,0.0000004429523,0.0000004110838,0.0000003997505,0.0000004086229,0.0000004372939,0.0000004822363,0.0000005544286,0.0000006358051,0.0000007308313,0.0000008193682,0.000000891024,0.0000009226299,0.0000009450831,0.0000008922166,0.0000008249218,0.000000767875,0.0000007073982,0.000000607501,0.0000005349211,0.000000492424,0.0000004750535,0.0000004656786,0.0000004624512,0.0000004608659,0.0000004639457,0.0000004562394,0.0000004404549,0.0000004055343,0.0000003579289,0.0000002917409,0.0000002247077,0.0000001643098,0.0000001172781,0.00000008549565,0.00000006417359,0.00000005169496,0.00000004260113,0.00000003755643,0.00000004482005
0.000000940117,0.000001248866,0.000001638946,0.000002095965,0.000002628362,0.000003227967,0.000003763106,0.000004159248,0.000004375581,0.000004369393,0.000004086265,0.000003571972,0.000002987009,0.000002427464,0.000001937237,0.00000152361,0.000001182638,0.0000009247648,0.0000007272059,0.000000591669,0.0000004900516,0.0000004237745,0.000000382941,0.0000003652834,0.0000003722779,0.0000004040981,0.0000004635187,0.0000005565393,0.0000006940648,0.0000008907,0.000001134065,0.000001452933,0.000001846059,0.000002310854,0.00000280992,0.000003263477,0.000003559076,0.000003602734,0.000003368634,0.000002935057,0.000002396685,0.00000189039,0.00000145305,0.00000110184,0.0000008518062,0.0000006717122,0.0000005584346,0.0000004853616,0.0000004423629,0.0000004226495,0.00000042515,0.0000004487786,0.0000004894291,0.0000005580624,0.0000006361104,0.0000007282788,0.0000008144971,0.0000008847555,0.0000009159944,0.0000009397806,0.0000008883007,0.0000008227227,0.0000007670757,0.0000007069487,0.00000060731,0.0000005353132,0.0000004936926,0.0000004776842,0.0000004714564,0.0000004738466,0.0000004808524,0.0000004944769,0.0000004986963,0.000000492789,0.0000004632924,0.0000004142524,0.000000340989,0.0000002632351,0.0000001917374,0.0000001353241,0.00000009673191,0.00000007102065,0.00000005595019,0.00000004529612,0.00000003929453,0.00000004608973
0.0000007716291,0.000001038378,0.000001382124,0.000001796903,0.000002298812,0.000002893867,0.000003477193,0.000003984257,0.000004369393,0.000004569389,0.000004488642,0.000004125356,0.000003622254,0.000003078985,0.000002553702,0.000002069264,0.000001637484,0.000001290269,0.000001010103,0.0000008086304,0.0000006519376,0.0000005438389,0.0000004708332,0.0000004284421,0.0000004158237,0.0000004302751,0.0000004722647,0.0000005460626,0.000000661369,0.0000008324221,0.000001051607,0.000001350457,0.000001735291,0.000002211231,0.000002748889,0.000003271666,0.000003659179,0.000003796278,0.000003631348,0.000003228254,0.000002681195,0.000002144226,0.00000166497,0.000001269805,0.0000009829437,0.0000007723237,0.0000006371464,0.0000005475614,0.0000004923138,0.0000004635596,0.0000004595991,0.0000004785401,0.0000005152891,0.0000005807184,0.0000006547108,0.0000007420989,0.0000008225692,0.0000008871658,0.000000913737,0.0000009362179,0.0000008842311,0.0000008199098,0.0000007660124,0.0000007065879,0.0000006074532,0.0000005363616,0.0000004958879,0.0000004814154,0.0000004784831,0.0000004865483,0.0000005020247,0.0000005257825,0.0000005413471,0.000000544707,0.0000005203228,0.0000004699539,0.000000390156,0.0000003022908,0.0000002201062,0.0000001544149,0.0000001088636,0.00000007850397,0.00000006056457,0.0000000481185,0.00000004096881,0.00000004703975
0.0000006277362,0.0000008458135,0.000001129106,0.000001476803,0.000001910017,0.000002447223,0.000003015803,0.00000357346,0.000004086265,0.000004488642,0.000004656224,0.000004531804,0.000004215457,0.000003786464,0.000003300215,0.00000278634,0.000002272132,0.00000182233,0.000001432694,0.00000113727,0.0000008976314,0.0000007253295,0.0000006029932,0.000000523683,0.0000004834957,0.0000004756006,0.000000497263,0.0000005503309,0.0000006425489,0.0000007865344,0.0000009765208,0.000001244385,0.000001600401,0.000002054904,0.000002587015,0.000003129644,0.000003567236,0.000003777956,0.000003692219,0.000003355346,0.000002848227,0.000002328459,0.000001845103,0.000001430616,0.000001120979,0.0000008861314,0.0000007315827,0.0000006258353,0.000000557808,0.0000005192119,0.000000508015,0.0000005214233,0.0000005529128,0.0000006132436,0.0000006797908,0.0000007577442,0.0000008266869,0.0000008798318,0.000000896964,0.000000915949,0.0000008627799,0.0000008008529,0.0000007507721,0.0000006941455,0.0000005973763,0.0000005287809,0.0000004906056,0.0000004783103,0.0000004787275,0.0000004917695,0.0000005141105,0.0000005455335,0.0000005694395,0.0000005793983,0.0000005588489,0.0000005080716,0.0000004247336,0.0000003308552,0.0000002419406,0.0000001700094,0.0000001194208,0.00000008540917,0.00000006499537,0.00000005084392,0.00000004249792,0.00000004766408
0.000000505171,0.0000006742314,0.0000008933768,0.000001164073,0.000001508983,0.00000195421,0.000002456641,0.000002999654,0.000003571972,0.000004125356,0.000004531804,0.000004691441,0.000004651312,0.000004448805,0.000004111089,0.000003651349,0.000003097834,0.000002553294,0.000002033731,0.000001614299,0.000001255863,0.0000009884453,0.0000007920797,0.0000006579338,0.0000005782193,0.0000005401377,0.000000536434,0.0000005656156,0.0000006326666,0.0000007474589,0.000000903502,0.000001130816,0.00000143997,0.000001843318,0.000002327335,0.000002838402,0.000003276836,0.000003529502,0.000003520631,0.0000032775,0.000002857557,0.000002407335,0.000001965612,0.000001564874,0.000001253503,0.000001005679,0.0000008374342,0.0000007176308,0.0000006370859,0.0000005879768,0.000000568428,0.0000005747368,0.0000005985595,0.000000650696,0.000000705246,0.000000768358,0.0000008199202,0.0000008564478,0.0000008603825,0.0000008745187,0.000000820027,0.0000007617432,0.0000007174316,0.000000665659,0.0000005731816,0.0000005086931,0.0000004738989,0.0000004641942,0.0000004674541,0.0000004837876,0.0000005099253,0.0000005447451,0.0000005720081,0.0000005842536,0.0000005654261,0.0000005155851,0.0000004332833,0.0000003398841,0.0000002507695,0.000000177911,0.0000001259411,0.00000009041714,0.0000000685979,0.00000005318368,0.00000004377624,0.00000004797694
0.0000004125267,0.0000005396667,0.0000007027376,0.0000009038275,0.000001164523,0.000001513337,0.000001929029,0.000002416091,0.000002987009,0.000003622254,0.000004215457,0.000004651312,0.000004933668,0.000005051552,0.000004982365,0.000004691158,0.000004175679,0.000003568047,0.000002904598,0.000002325147,0.000001796661,0.000001386575,0.000001076715,0.0000008586399,0.0000007198945,0.0000006389775,0.0000006021071,0.0000006031578,0.0000006435106,0.0000007295176,0.000000852259,0.000001038939,0.000001298131,0.000001641763,0.000002061332,0.000002516255,0.000002926321,0.000003195115,0.000003249698,0.000003103613,0.000002789046,0.000002434294,0.000002060742,0.000001695167,0.000001396766,0.000001144086,0.0000009662775,0.0000008337467,0.0000007405463,0.0000006801014,0.0000006511863,0.0000006492284,0.0000006637481,0.000000705927,0.0000007459124,0.0000007914733,0.0000008229274,0.0000008405689,0.0000008293967,0.0000008374121,0.0000007800129,0.000000724032,0.000000684472,0.0000006369754,0.0000005486603,0.0000004884168,0.0000004572193,0.0000004502166,0.0000004559541,0.000000474428,0.0000005021501,0.0000005371792,0.0000005638029,0.0000005745446,0.0000005548825,0.000000505705,0.0000004263541,0.0000003369003,0.0000002513961,0.0000001808971,0.0000001299165,0.00000009429775,0.00000007178126,0.00000005537231,0.00000004496542,0.00000004815145
0.0000003479584,0.0000004417149,0.0000005599811,0.0000007047946,0.0000008953464,0.000001158874,0.000001487941,0.000001900554,0.000002427464,0.000003078985,0.000003786464,0.000004448805,0.000005051552,0.000005548717,0.000005862177,0.000005880523,0.000005526396,0.000004931246,0.000004135903,0.000003366673,0.000002605691,0.00000198755,0.000001506384,0.000001160317,0.000000932413,0.0000007888519,0.0000007063626,0.0000006721629,0.0000006827399,0.0000007400166,0.0000008312093,0.000000980467,0.000001193098,0.000001479158,0.000001833016,0.000002224843,0.000002592997,0.000002860039,0.000002961214,0.000002901585,0.000002691506,0.000002439523,0.000002147067,0.000001830649,0.000001556934,0.00000130725,0.000001124682,0.0000009816457,0.0000008763691,0.0000008042039,0.0000007650928,0.0000007536852,0.0000007571125,0.0000007874436,0.0000008103181,0.0000008359473,0.0000008451824,0.0000008423433,0.0000008145844,0.0000008150075,0.0000007525863,0.0000006967067,0.0000006599483,0.0000006154072,0.0000005305394,0.0000004742396,0.0000004466267,0.0000004424488,0.0000004505279,0.0000004704791,0.0000004983556,0.0000005314903,0.0000005547066,0.0000005612299,0.0000005386151,0.0000004892638,0.0000004131396,0.0000003288483,0.0000002485058,0.0000001818237,0.0000001329558,0.00000009791396,0.0000000750175,0.0000000576875,0.00000004626146,0.00000004839825
0.0000003066796,0.0000003742992,0.000000458,0.0000005596191,0.0000006956059,0.0000008899964,0.000001142735,0.000001478141,0.000001937237,0.000002553702,0.000003300215,0.000004111089,0.000004982365,0.000005862177,0.000006634355,0.000007102803,0.000007073121,0.000006624959,0.000005763672,0.000004807558,0.000003759786,0.000002860337,0.000002135172,0.000001602163,0.000001243239,0.000001008757,0.0000008623165,0.00000078169,0.000000756561,0.0000007831019,0.0000008430786,0.0000009576319,0.000001128051,0.000001361803,0.000001654541,0.000001984572,0.000002305946,0.000002559122,0.000002689959,0.000002699785,0.000002582923,0.000002429961,0.000002223376,0.00000196656,0.000001729212,0.000001492733,0.000001313104,0.000001164549,0.000001049913,0.0000009669916,0.0000009174196,0.0000008952432,0.0000008850721,0.000000900586,0.0000009026024,0.0000009048536,0.0000008889778,0.0000008635557,0.0000008174549,0.0000008085531,0.0000007390389,0.0000006811804,0.0000006454547,0.0000006027788,0.0000005207494,0.0000004680984,0.0000004440427,0.0000004428243,0.0000004531689,0.0000004741147,0.0000005010956,0.0000005308857,0.0000005488291,0.0000005494137,0.0000005224739,0.0000004722863,0.0000003990943,0.0000003200836,0.0000002451864,0.0000001826593,0.0000001362171,0.0000001019129,0.00000007867968,0.00000006036425,0.00000004784539,0.00000004892912
0.0000002825105,0.0000003290399,0.000000385878,0.0000004546774,0.0000005492768,0.0000006898022,0.000000879153,0.000001142536,0.00000152361,0.000002069264,0.00000278634,0.000003651349,0.000004691158,0.000005880523,0.000007102803,0.000008102508,0.000008555614,0.000008435722,0.000007652121,0.000006585457,0.000005249807,0.000004022904,0.000002989103,0.00000220829,0.000001671329,0.000001312244,0.000001078847,0.0000009367534,0.0000008666981,0.0000008574683,0.0000008834946,0.000000963061,0.000001092865,0.000001277523,0.000001512994,0.000001783564,0.000002055819,0.000002285713,0.000002430291,0.000002490773,0.000002451533,0.000002388367,0.000002268095,0.00000208011,0.000001892436,0.000001683413,0.00000151903,0.000001374425,0.000001256751,0.000001166419,0.000001107182,0.000001072784,0.000001045454,0.00000104158,0.00000101732,0.0000009913651,0.0000009466197,0.000000896167,0.0000008301173,0.000000810578,0.0000007327433,0.0000006717649,0.0000006361994,0.0000005950184,0.0000005155644,0.0000004663284,0.0000004456526,0.0000004472184,0.0000004593275,0.0000004803502,0.0000005050858,0.0000005300958,0.0000005413554,0.0000005351865,0.0000005037124,0.0000004531773,0.0000003834691,0.0000003103452,0.0000002413658,0.0000001833612,0.0000001396483,0.0000001062368,0.00000008273614,0.00000006340543,0.00000004976406,0.00000004987691
0.0000002699311,0.0000002986678,0.0000003342011,0.0000003779849,0.0000004415264,0.0000005410212,0.000000679604,0.0000008799645,0.000001182638,0.000001637484,0.000002272132,0.000003097834,0.000004175679,0.000005526396,0.000007073121,0.000008555614,0.00000955844,0.000009926922,0.00000942121,0.000008415281,0.000006895547,0.000005376667,0.000004022127,0.000002960804,0.000002211565,0.000001698816,0.000001356125,0.000001136397,0.000001010285,0.0000009579383,0.000000944573,0.0000009860885,0.000001074194,0.000001210739,0.000001391469,0.000001604942,0.000001827246,0.000002026799,0.000002171009,0.000002263233,0.000002283192,0.000002295582,0.000002256394,0.000002142459,0.000002016297,0.000001850505,0.000001716726,0.000001589389,0.000001478609,0.000001386917,0.000001320309,0.000001272638,0.000001224298,0.000001195931,0.000001139763,0.000001081078,0.000001004546,0.0000009277824,0.0000008415095,0.0000008113156,0.0000007252482,0.0000006611419,0.0000006257508,0.0000005862273,0.0000005091439,0.0000004628536,0.0000004449264,0.0000004484923,0.0000004611832,0.0000004807621,0.0000005015701,0.0000005205097,0.0000005243918,0.0000005119052,0.0000004772195,0.0000004283682,0.0000003639347,0.0000002981827,0.0000002361253,0.0000001833065,0.0000001428036,0.0000001105557,0.00000008696291,0.00000006667515,0.00000005196271,0.00000005129927
0.0000002730738,0.0000002860056,0.0000003041861,0.0000003288455,0.0000003695607,0.0000004390765,0.0000005395476,0.0000006898836,0.0000009247648,0.000001290269,0.00000182233,0.000002553294,0.000003568047,0.000004931246,0.000006624959,0.000008435722,0.000009926922,0.00001084082,0.00001078012,0.00001003486,0.000008512487,0.000006817633,0.000005193222,0.000003857059,0.000002879952,0.000002191476,0.000001718248,0.00000140338,0.000001208217,0.000001103964,0.000001044986,0.000001045788,0.000001092808,0.000001185264,0.000001318062,0.000001482104,0.000001659522,0.00000182737,0.000001961249,0.000002067491,0.00000212524,0.000002192042,0.000002218859,0.000002173824,0.000002112301,0.000002000053,0.000001909677,0.000001812926,0.000001720508,0.000001635638,0.000001565988,0.000001505688,0.000001433898,0.00000137706,0.000001284371,0.000001189127,0.000001078114,0.0000009734003,0.0000008658032,0.0000008238836,0.000000728584,0.0000006603525,0.0000006243391,0.0000005859398,0.0000005103789,0.0000004662007,0.0000004503494,0.0000004554497,0.0000004682477,0.0000004859799,0.0000005026387,0.0000005158368,0.0000005130265,0.0000004953787,0.0000004584934,0.0000004120113,0.0000003524352,0.0000002929775,0.0000002363453,0.0000001872372,0.0000001487856,0.0000001168091,0.00000009255098,0.00000007090114,0.00000005490412,0.00000005356079
0.0000002868505,0.0000002846016,0.0000002877012,0.0000002969584,0.000000320271,0.000000367394,0.0000004388931,0.0000005495735,0.0000007272059,0.000001010103,0.000001432694,0.000002033731,0.000002904598,0.000004135903,0.000005763672,0.000007652121,0.00000942121,0.00001078012,0.00001122898,0.00001092492,0.000009651543,0.000008007964,0.000006277943,0.000004761689,0.000003599967,0.00000274869,0.000002142528,0.000001723949,0.000001450055,0.000001285376,0.000001172917,0.000001127769,0.000001131104,0.000001179852,0.000001267711,0.000001386561,0.000001522054,0.00000165692,0.000001772914,0.000001879346,0.000001956971,0.000002058813,0.000002135236,0.000002149894,0.000002150984,0.000002097972,0.00000206049,0.000002006069,0.00000194335,0.000001874311,0.000001807279,0.00000173672,0.000001641308,0.000001554743,0.000001424191,0.000001291986,0.000001147096,0.000001015717,0.0000008881863,0.0000008356545,0.000000731808,0.0000006597584,0.0000006232617,0.0000005859165,0.0000005109915,0.0000004678164,0.0000004528999,0.0000004584717,0.0000004702724,0.0000004852388,0.000000497271,0.0000005052019,0.0000004969395,0.0000004762711,0.0000004395015,0.000000397647,0.0000003440749,0.0000002912748,0.0000002397201,0.0000001936843,0.0000001567028,0.0000001244709,0.00000009921395,0.00000007593941,0.00000005853786,0.00000005672763
0.0000003231543,0.0000003038647,0.0000002917712,0.0000002870243,0.0000002960789,0.000000326203,0.000000376287,0.0000004575872,0.000000591669,0.0000008086304,0.00000113727,0.000001614299,0.000002325147,0.000003366673,0.000004807558,0.000006585457,0.000008415281,0.00001003486,0.00001092492,0.00001111368,0.00001026365,0.000008878393,0.000007226934,0.000005658012,0.000004382389,0.000003399122,0.000002666841,0.000002139185,0.000001776832,0.000001541997,0.000001366732,0.000001269621,0.000001226692,0.000001232848,0.000001279957,0.000001359409,0.000001458021,0.000001561582,0.000001655985,0.000001753073,0.000001836089,0.000001955377,0.00000206372,0.000002124231,0.000002179351,0.000002184228,0.000002203197,0.000002198896,0.000002175531,0.000002131642,0.000002074523,0.000001998359,0.000001881476,0.000001765481,0.000001596196,0.000001425651,0.000001245208,0.000001085301,0.0000009357487,0.0000008705907,0.0000007560076,0.0000006781835,0.0000006397223,0.0000006022237,0.0000005263157,0.0000004829158,0.0000004682343,0.0000004741618,0.0000004852249,0.0000004981297,0.000000506648,0.0000005109642,0.0000004987872,0.0000004764199,0.0000004401149,0.0000004023984,0.0000003527847,0.0000003038722,0.0000002542536,0.0000002083668,0.0000001705392,0.000000136265,0.0000001088108,0.00000008305397,0.00000006373431,0.00000006147856
0.0000003705221,0.0000003326186,0.0000003051649,0.0000002872254,0.0000002838769,0.0000003001863,0.0000003332302,0.0000003911639,0.0000004900516,0.0000006519376,0.0000008976314,0.000001255863,0.000001796661,0.000002605691,0.000003759786,0.000005249807,0.000006895547,0.000008512487,0.000009651543,0.00001026365,0.00000993324,0.000009004632,0.000007666183,0.000006251393,0.00000501218,0.000003993251,0.000003189122,0.000002578054,0.000002135953,0.000001831032,0.000001587544,0.000001432737,0.000001338899,0.000001300017,0.000001306118,0.000001347342,0.000001410274,0.000001482152,0.0000015516,0.000001632466,0.000001710264,0.000001833418,0.00000195808,0.000002049191,0.000002145046,0.000002198831,0.000002268927,0.000002313717,0.000002332047,0.000002317938,0.000002276627,0.000002201652,0.000002070941,0.000001933712,0.0000017342,0.000001533512,0.000001324752,0.000001142207,0.0000009749337,0.0000009004422,0.0000007767348,0.000000693942,0.0000006539092,0.0000006160234,0.0000005376665,0.0000004924926,0.0000004766154,0.00000048174,0.0000004911237,0.0000005015224,0.0000005067837,0.0000005088411,0.0000004947485,0.0000004733965,0.0000004402091,0.0000004092022,0.0000003648831,0.0000003204055,0.0000002724865,0.0000002261706,0.0000001869585,0.000000150119,0.0000001201301,0.000000091575,0.00000007015802,0.00000006776136
0.0000004430918,0.0000003823226,0.0000003369425,0.0000003044981,0.0000002887569,0.0000002928109,0.0000003118658,0.0000003516062,0.0000004237745,0.0000005438389,0.0000007253295,0.0000009884453,0.000001386575,0.00000198755,0.000002860337,0.000004022904,0.000005376667,0.000006817633,0.000008007964,0.000008878393,0.000009004632,0.000008574655,0.000007670233,0.000006556738,0.000005484776,0.000004529153,0.000003718357,0.000003060676,0.000002555649,0.000002185588,0.000001870781,0.000001653358,0.000001504062,0.000001417554,0.000001382172,0.000001386169,0.000001414727,0.000001455306,0.000001498155,0.00000155873,0.000001624169,0.000001741463,0.000001869888,0.000001977343,0.000002099512,0.000002189713,0.000002300966,0.000002388817,0.000002447025,0.000002464864,0.000002444735,0.000002378798,0.000002243751,0.000002094972,0.000001874166,0.000001650444,0.000001418166,0.000001215617,0.000001031378,0.0000009477828,0.0000008136429,0.0000007244099,0.0000006815862,0.0000006419529,0.0000005589707,0.0000005103758,0.0000004922905,0.0000004962719,0.0000005041171,0.0000005127018,0.0000005158611,0.0000005173319,0.0000005028268,0.0000004838033,0.0000004542551,0.0000004299613,0.0000003896995,0.0000003478936,0.0000002995733,0.0000002508484,0.0000002087095,0.0000001680852,0.0000001347396,0.0000001027073,0.00000007874264,0.00000007640784
0.0000005414091,0.0000004532855,0.0000003868732,0.0000003378148,0.0000003086881,0.0000003007685,0.000000307249,0.0000003318411,0.000000382941,0.0000004708332,0.0000006029932,0.0000007920797,0.000001076715,0.000001506384,0.000002135172,0.000002989103,0.000004022127,0.000005193222,0.000006277943,0.000007226934,0.000007666183,0.000007670233,0.000007224785,0.000006499654,0.000005703586,0.000004914595,0.000004180234,0.000003533974,0.000003001319,0.000002584586,0.000002204011,0.000001923488,0.000001715699,0.000001578673,0.000001499987,0.000001465942,0.00000145968,0.000001468155,0.00000148253,0.000001519685,0.000001567521,0.000001671909,0.000001794119,0.00000190499,0.000002038694,0.000002150016,0.000002287905,0.000002406921,0.000002497236,0.000002544426,0.000002548245,0.000002499119,0.000002371476,0.000002224625,0.000001995975,0.000001760721,0.000001513464,0.000001296479,0.000001098125,0.000001007354,0.0000008623067,0.0000007656705,0.0000007191312,0.0000006764008,0.0000005863859,0.0000005325139,0.0000005109861,0.000000513201,0.0000005193153,0.0000005263922,0.0000005281875,0.0000005302721,0.0000005165121,0.0000005009136,0.0000004756198,0.0000004583526,0.0000004216815,0.0000003817773,0.0000003320929,0.0000002800731,0.000000234379,0.0000001894677,0.0000001524414,0.0000001165577,0.00000008975928,0.00000008788216
0.0000006751516,0.0000005538557,0.000000461788,0.0000003924515,0.0000003474874,0.0000003264936,0.000000320412,0.0000003313876,0.0000003652834,0.0000004284421,0.000000523683,0.0000006579338,0.0000008586399,0.000001160317,0.000001602163,0.00000220829,0.000002960804,0.000003857059,0.000004761689,0.000005658012,0.000006251393,0.000006556738,0.000006499654,0.000006160575,0.000005685883,0.000005132792,0.000004547313,0.000003974301,0.000003459155,0.000003024592,0.000002592401,0.00000225357,0.000001986731,0.000001796795,0.000001672301,0.000001598137,0.000001555206,0.000001529631,0.000001513112,0.000001524048,0.000001550266,0.000001636923,0.000001745781,0.000001849978,0.000001982922,0.00000210139,0.000002251694,0.000002389026,0.000002501851,0.000002573645,0.000002602219,0.00000257617,0.000002466688,0.000002334637,0.000002111201,0.000001875513,0.000001621247,0.000001394653,0.000001184104,0.000001087335,0.0000009298544,0.000000823935,0.0000007720143,0.0000007241544,0.0000006241008,0.0000005627417,0.0000005363227,0.0000005359413,0.0000005398876,0.0000005453989,0.0000005460513,0.0000005491411,0.0000005364196,0.000000524311,0.0000005029808,0.0000004921416,0.0000004583023,0.0000004196062,0.0000003680743,0.0000003125111,0.0000002632246,0.000000214046,0.0000001733877,0.0000001335193,0.0000001037242,0.0000001028703
0.0000008627265,0.0000006998425,0.0000005748898,0.0000004791508,0.000000413742,0.000000376712,0.0000003563607,0.0000003535684,0.0000003722779,0.0000004158237,0.0000004834957,0.0000005782193,0.0000007198945,0.000000932413,0.000001243239,0.000001671329,0.000002211565,0.000002879952,0.000003599967,0.000004382389,0.00000501218,0.000005484776,0.000005703586,0.000005685883,0.000005517453,0.000005223326,0.000004831678,0.00000438284,0.000003930412,0.000003512101,0.000003049475,0.000002662319,0.000002338667,0.000002094096,0.00000192054,0.000001802663,0.000001719413,0.000001656138,0.000001605015,0.000001586381,0.000001587281,0.000001652754,0.000001743487,0.000001834034,0.000001957617,0.000002072889,0.000002224797,0.00000237015,0.000002497318,0.000002589157,0.000002642347,0.000002643736,0.000002560624,0.000002453449,0.00000224554,0.00000201797,0.000001762313,0.000001528727,0.000001305755,0.000001202295,0.000001028891,0.000000910072,0.00000084962,0.0000007932825,0.0000006791106,0.0000006072685,0.0000005738711,0.0000005694125,0.0000005700678,0.0000005731676,0.0000005720174,0.0000005753854,0.0000005629629,0.0000005532586,0.0000005346433,0.0000005286137,0.0000004965473,0.0000004584421,0.0000004051005,0.0000003464372,0.0000002941534,0.0000002413147,0.0000001975142,0.0000001538602,0.0000001211066,0.0000001220548
0.000001108542,0.000000897984,0.0000007337542,0.0000006052776,0.0000005140251,0.0000004568857,0.0000004191208,0.0000004006868,0.0000004040981,0.0000004302751,0.0000004756006,0.0000005401377,0.0000006389775,0.0000007888519,0.000001008757,0.000001312244,0.000001698816,0.000002191476,0.00000274869,0.000003399122,0.000003993251,0.000004529153,0.000004914595,0.000005132792,0.000005223326,0.000005179405,0.000005003347,0.000004718416,0.000004373428,0.000004011863,0.000003550454,0.00000313471,0.00000276391,0.000002467584,0.000002243971,0.000002079371,0.000001951631,0.000001845818,0.000001754916,0.000001701973,0.000001672756,0.000001713004,0.000001780829,0.000001851326,0.00000195807,0.000002061123,0.00000220517,0.000002349101,0.000002482453,0.000002588806,0.000002664697,0.000002695728,0.000002645243,0.000002571907,0.000002389902,0.000002180179,0.000001930625,0.000001694698,0.00000146081,0.000001351208,0.000001158977,0.00000102374,0.0000009513307,0.0000008826231,0.000000749715,0.0000006638288,0.0000006207069,0.0000006098625,0.0000006052014,0.000000604097,0.0000005996073,0.0000006016515,0.00000058829,0.0000005795595,0.0000005624529,0.0000005596816,0.0000005290559,0.0000004918808,0.0000004379911,0.0000003779098,0.000000324282,0.0000002693383,0.000000223633,0.0000001770158,0.000000141787,0.0000001456675
0.000001404308,0.000001147239,0.0000009418605,0.0000007766844,0.0000006550922,0.0000005737238,0.0000005145718,0.0000004772742,0.0000004635187,0.0000004722647,0.000000497263,0.000000536434,0.0000006021071,0.0000007063626,0.0000008623165,0.000001078847,0.000001356125,0.000001718248,0.000002142528,0.000002666841,0.000003189122,0.000003718357,0.000004180234,0.000004547313,0.000004831678,0.000005003347,0.000005039484,0.000004940211,0.00000473916,0.000004475343,0.000004054595,0.000003640081,0.000003241446,0.000002903694,0.000002633983,0.000002422452,0.000002247182,0.000002093909,0.000001957189,0.000001864,0.000001798661,0.000001808711,0.000001848385,0.000001892605,0.000001975886,0.00000205907,0.000002187466,0.000002322,0.000002454137,0.000002569107,0.000002664223,0.000002724588,0.000002710136,0.000002677225,0.000002530301,0.000002348384,0.000002113949,0.000001882555,0.000001641626,0.000001528298,0.000001315829,0.000001161516,0.00000107401,0.0000009890007,0.0000008327877,0.0000007291923,0.0000006733259,0.0000006533369,0.0000006408462,0.0000006332472,0.0000006234549,0.000000622154,0.0000006064479,0.0000005971747,0.0000005805035,0.0000005795424,0.0000005504721,0.0000005150878,0.0000004625711,0.0000004034467,0.0000003507475,0.0000002958991,0.0000002501072,0.0000002019439,0.00000016521,0.000000173474
0.000001727257,0.00000143625,0.00000119619,0.0000009959142,0.0000008428178,0.0000007347965,0.000000650581,0.0000005905555,0.0000005565393,0.0000005460626,0.0000005503309,0.0000005656156,0.0000006031578,0.0000006721629,0.00000078169,0.0000009367534,0.000001136397,0.00000140338,0.000001723949,0.000002139185,0.000002578054,0.000003060676,0.000003533974,0.000003974301,0.00000438284,0.000004718416,0.000004940211,0.000005026153,0.000004989462,0.00000485642,0.000004516657,0.000004139421,0.000003740834,0.000003380136,0.000003074757,0.000002820592,0.000002597486,0.000002393118,0.000002204793,0.000002065069,0.000001957104,0.000001931611,0.000001937969,0.000001950429,0.000002005067,0.000002062802,0.000002170193,0.000002289718,0.00000241496,0.000002533193,0.000002643107,0.00000273006,0.000002751521,0.000002761776,0.000002655911,0.000002509831,0.000002299219,0.000002080197,0.000001837941,0.000001724902,0.000001492743,0.000001318124,0.000001213194,0.000001108511,0.0000009252235,0.0000008007486,0.0000007293625,0.000000697549,0.00000067479,0.000000658488,0.0000006415368,0.0000006349645,0.0000006156361,0.0000006044213,0.0000005872231,0.0000005866868,0.0000005592708,0.0000005264177,0.0000004770328,0.000000421108,0.0000003715285,0.0000003190539,0.0000002751762,0.0000002272529,0.0000001903723,0.0000002046196
0.000002046863,0.000001746389,0.000001488311,0.000001262555,0.000001082548,0.0000009492492,0.0000008381685,0.0000007519628,0.0000006940648,0.000000661369,0.0000006425489,0.0000006326666,0.0000006435106,0.0000006827399,0.000000756561,0.0000008666981,0.000001010285,0.000001208217,0.000001450055,0.000001776832,0.000002135953,0.000002555649,0.000003001319,0.000003459155,0.000003930412,0.000004373428,0.00000473916,0.000004989462,0.000005117602,0.000005132947,0.000004906491,0.000004601326,0.000004234177,0.000003874445,0.000003549285,0.00000326134,0.000002993515,0.000002736734,0.00000249244,0.000002300659,0.000002144145,0.000002078349,0.000002047218,0.000002024041,0.000002047016,0.000002076421,0.000002160409,0.000002262231,0.000002377323,0.000002494892,0.000002615207,0.000002724391,0.000002778489,0.000002830366,0.000002767048,0.000002660906,0.000002480248,0.000002280282,0.000002042681,0.000001934231,0.000001684559,0.000001489814,0.000001366067,0.000001239248,0.000001026465,0.0000008788412,0.0000007897451,0.0000007438749,0.0000007088695,0.0000006821214,0.0000006565818,0.000000643212,0.000000619213,0.0000006048216,0.0000005861163,0.0000005845835,0.0000005584587,0.0000005281798,0.0000004827687,0.000000431355,0.0000003862712,0.0000003378505,0.0000002975152,0.0000002515676,0.0000002160093,0.0000002376473
0.000002322403,0.000002047188,0.000001798682,0.000001567426,0.000001373899,0.000001223637,0.00000108854,0.0000009752126,0.0000008907,0.0000008324221,0.0000007865344,0.0000007474589,0.0000007295176,0.0000007400166,0.0000007831019,0.0000008574683,0.0000009579383,0.000001103964,0.000001285376,0.000001541997,0.000001831032,0.000002185588,0.000002584586,0.000003024592,0.000003512101,0.000004011863,0.000004475343,0.00000485642,0.000005132947,0.000005297425,0.000005203399,0.000004997653,0.000004691356,0.000004358119,0.000004032405,0.000003723359,0.000003417684,0.000003110552,0.000002808814,0.000002561687,0.000002352661,0.00000224343,0.000002172412,0.000002111813,0.000002102346,0.000002102992,0.000002163606,0.000002247344,0.00000235099,0.000002465276,0.00000259193,0.00000271807,0.000002799217,0.000002887531,0.000002863955,0.000002797529,0.000002649596,0.000002473304,0.000002245973,0.000002146164,0.000001883129,0.000001670472,0.000001528175,0.00000137853,0.000001136039,0.0000009644828,0.0000008564768,0.0000007950876,0.0000007465455,0.0000007082184,0.0000006731447,0.0000006519066,0.0000006223856,0.0000006037606,0.0000005825555,0.0000005786896,0.000000553041,0.0000005246727,0.0000004830399,0.0000004363023,0.0000003960078,0.0000003523613,0.0000003164385,0.0000002737593,0.0000002407766,0.0000002706227
